{
"generator": "Twitch Gamers Graph",
"nodes": 5256 ,
"edges": 213393 ,
"density": 0.015451907076973876 ,
"clustering": 0.015402469066754436 ,
"assortativity": -0.0009574550638713883
}