{
"generator": Twitch Gamers Graph,
"nodes": 10512 ,
"edges": 424861 ,
"density": 0.00769037423576113 ,
"clustering": 0.007721900139093345 ,
"assortativity": -0.000574577932989346
}
