{
"generator": Twitch Gamers Graph,
"nodes": 10512 ,
"edges": 425845 ,
"density": 0.007708185539335685 ,
"clustering": 0.007732881884780107 ,
"assortativity": -0.0015827073426090492
}