{
"generator": "Twitch Gamers Graph",
"nodes": 5256 ,
"edges": 211528 ,
"density": 0.015316861378668138 ,
"clustering": 0.01535890970473916 ,
"assortativity": -0.002361158534210081
}
