{
"generator": "Twitch Gamers Graph",
"nodes": 10512 ,
"edges": 425388 ,
"density": 0.007699913419687746 ,
"clustering": 0.0076993309668423795 ,
"assortativity": -0.0013430032812423278
}