{
"generator": "Twitch Gamers Graph",
"nodes": 5256 ,
"edges": 211746 ,
"density": 0.01533264688120468 ,
"clustering": 0.015352839700052176 ,
"assortativity": -0.0019729468454491392
}