{
"generator": "Twitch Gamers Graph",
"nodes": 5256 ,
"edges": 212410 ,
"density": 0.015380727494435248 ,
"clustering": 0.01537459375721523 ,
"assortativity": -0.0023504382120295066
}