{
"generator": "Twitch Gamers Graph",
"nodes": 10512 ,
"edges": 424183 ,
"density": 0.007678101813176223 ,
"clustering": 0.00771803760431493 ,
"assortativity": -0.0012350047070986102
}